0.000000000000000000e+00 0.000000000000000000e+00
1.100000000000000144e-01 2.095703771002136451e-01
2.200000000000000289e-01 4.421851490266632823e-01
3.300000000000000711e-01 6.557312779128063873e-01
4.400000000000000577e-01 8.729923665836991642e-01
5.500000000000000444e-01 1.081336830310426267e+00
6.600000000000001421e-01 1.281013619692995542e+00
7.700000000000001288e-01 1.558367728818002451e+00
8.800000000000001155e-01 1.724739222566716190e+00
9.900000000000001021e-01 1.933831800470367623e+00
1.100000000000000089e+00 2.229245012329082343e+00
1.216666666666666785e+00 2.194102948759837801e+00
1.333333333333333481e+00 2.227858791855493514e+00
1.450000000000000178e+00 2.198543771310992323e+00
1.566666666666666652e+00 2.252063097129806124e+00
1.683333333333333348e+00 2.258176598739867647e+00
1.800000000000000044e+00 2.256995863408048475e+00
1.900000000000000133e+00 1.915117299953378316e+00
2.000000000000000000e+00 1.669952461446538639e+00
2.100000000000000089e+00 1.367141802840402320e+00
2.200000000000000178e+00 1.109867881061888495e+00
2.299999999999999822e+00 8.213283964015859473e-01
2.400000000000000355e+00 5.482341087540429925e-01
2.500000000000000000e+00 2.793438588311693005e-01
2.600000000000000089e+00 0.000000000000000000e+00
